 31.9 66.6 23.2 49.6 − 0.2 5.0 2.5 31.7 − 26.8 − 2.4 21.3 18.7 34.4 26.1
Adaptation
(C) 65.2 73.3 65.4 69.0 32.2 67.7 34.5 50.0 − 0.3 17.5 3.5 39.9 − 27.0 − 3.9 21.9 18.5 36.7 25.4
(A) 84.9 85.7 86.4 86.8 44.9 88.6 45.8 69.3 − 2.5 31.0 40.5 57.1 − 45.9 − 48.9 31.4 47.4 56.1 25.3
With
(B) 84.8 85.8 86.4 86.8 45.2 88.9 47.6 70.1 − 2.6 31.3 43.0 58.5 − 46.0 − 51.9 34.1 49.2 57.0 24.9
Adaptation
(C) 86.0 87.0 87.1 87.1 46.3 89.1 48.7 71.2 − 5.3 33.3 46.8 59.9 − 54.6 − 53.4 38.1 51.3 59.1 24.0
GTA5→Cityscapes
(A) 75.8 77.2 81.3 49.9 16.8 70.3 25.5 53.8 24.6 21.0 12.5 20.1 36.0 17.2 25.9 6.5 30.1 26.4 25.3 36.6 24.0
Without
(B) 76.2 77.7 83.0 51.2 17.5 71.5 26.0 52.5 28.5 21.7 13.7 22.6 37.7 18.4 26.5 7.1 40.7 27.1 26.3 38.2 23.6
Adaptation
(C) 77.1 79.4 84.7 52.9 18.5 72.3 28.6 54.4 33.8 22.5 15.6 23.7 38.9 19.7 27.1 7.9 41.6 28.6 28.0 39.7 23.6
