 1..8 09 4 4 49 2..4 16 1 5 45 7..4 84 3 5 58 1..9 56 4 6 51 4..3 27 6 6 53 6..2 32 9 6 54 8..7 18 1 6 56 9..2 50 3 6 67 0..5 66 7 6 68 1..8 59 9
ru 43.21 57.53 63.93 67.58 70.03 71.85 73.29 74.51 75.60 76.59
functools 1,433,520 xlwt 55,035
en 47.15 57.61 62.58 65.69 67.87 69.47 70.70 71.67 72.46 73.12
pprint 1,378,679 ftplib 52,121 D2 e jas 4 47 1..4 44 6 5 57 0..9 40 2 6 52 4..2 80 4 6 54 7..6 55 9 6 56 9..3 43 7 6 67 0..6 81 4 6 68 1..6 85 7 6 69 2..5 73 1 7 60 3..3 43 1 7 61 4..1 01 2
base64 1,352,623 multidict 29,224 ru 51.87 63.36 68.25 71.09 73.03 74.5 75.67 76.64 77.46 78.17
hashlib 1,330,158 mechanize 20,978
scipy 1,121,371 obspy 5,799 Table8: CODEXzero-shotperformance.
inspect 1,112,770 texttable 4,749
operator 1,104,841 aspose 1,048
Model NL PassRate
ctypes 864,108 docxtpl 76 @1 @2 @3 @4 @5 @6 @7 @8 @9 @10
sqlalchemy 814,096 mpl_toolkits 2 en 26.26 32.18 35.46 37.59 39.10 40.22 41.08 41.78 42.35 42.82
struct 787,484 350M e jas 1 16 7..6 47 4 2 21 2..8 85 6 2 24 5..7 50 1 2 26 7..5 16 2 2 27 8..8 22 1 2 28 8..6 98 7 2 29 9