33 49.23 53.01 55.72 57.81 59.52 60.96 62.22 63.33
es open 27.71 38.98 45.12 49.14 52.06 54.34 56.20 57.78 59.17 60.42 aim to answer: what are the common error types
close 36.67 48.31 53.93 57.44 59.91 61.79 63.31 64.60 65.71 66.67
- 25.67 36.69 42.66 46.49 49.27 51.44 53.23 54.76 56.10 57.32 onopen-andclosed-domainproblems? Whatare
ja open 21.24 30.29 35.16 38.34 40.71 42.61 44.20 45.55 46.73 47.79
close 35.49 50.89 59.28 64.56 68.23 71.01 73.25 75.16 76.86 78.43 themaindifferencesbetweenthem?
- 31.91 44.67 51.81 56.54 59.95 62.56 64.61 66.28 67.65 68.79
ru open 25.96 36.80 42.57 46.22 48.79 50.76 52.38 53.76 55.00 56.14
close 51.59 67.26 74.47 78.61 81.37 83.37 84.87 86.04 86.96 87.68 Similar to the previous section, we take the
CODE-DAVINCI-001 CODE-DAVINCI-002 since it scores the best and
- 33.62 46.65 53.27 57.34 60.18 62.31 64.00 65.37 66.49 67.43
en open 26.91 39.25 45.97 50.25 53.33 55.70 57.62 59.21 60.57 61.74 presentscleardomaingaps,whichmightgivemore
close 41.00 54.79 61.32 65.14 67.71 69.59 71.02 72.14 73.01 73.68
- 36.89 49.46 55.44 58.96 61.37 63.22 64.78 66.20 67.56 68.89 intuitivevariancesbetweendomains.
es open 31.67 44.63 51.11 54.