ynb
C Domain-WiseExecutionResults NL Split PassRate
@1 @2 @3 @4 @5 @6 @7 @8 @9 @10
350M
- 26.26 32.18 35.46 37.59 39.10 40.22 41.08 41.78 42.35 42.82
en open 22.35 27.04 29.75 31.58 32.93 33.97 34.80 35.48 36.04 36.52
close 30.57 37.84 41.75 44.21 45.89 47.09 48.00 48.71 49.28 49.76
- 16.67 21.85 24.70 26.56 27.82 28.68 29.27 29.65 29.89 30.00
es open 16.04 19.58 21.23 22.12 22.59 22.82 22.90 22.92 22.92 22.92
close 17.38 24.44 28.67 31.62 33.79 35.39 36.55 37.35 37.86 38.10
- 17.44 22.86 25.51 27.12 28.21 28.97 29.52 29.93 30.24 30.49
ja open 15.40 19.67 21.67 22.91 23.78 24.41 24.88 25.23 25.49 25.66
close 21.96 29.93 34.04 36.46 38.02 39.07 39.80 40.35 40.78 41.18
- 25.87 31.44 34.27 36.11 37.44 38.44 39.22 39.86 40.40 40.87
ru open 20.53 24.89 26.83 28.12 29.08 29.81 30.38 30.84 31.23 31.58
close 30.29 36.84 40.41 42.71 44.34 45.57 46.53 47.31 47.97 48.55
Welistoutdetailedresultsforexperimentsin§5. 2.7B
- 35.24 42.87 46.75 49.11 50.68 51.78 52.59 53.19 53.64 53.99
en open 26.04 33.02 36.92 39.36 41.01 42.20 43.10 43.80 44.35 44.78
