405
SGN 0.118 3.914 0.237 0.120 3.902 0.230
S G∗N 0.210 3.532 0.267 0.228 3.814 0.245
determiner_noun_agreement_with_adjective_1 2.05 SGI 0.118 2.426 0.354 -0.010 2.736 0.356
S G∗I 0.141 2.012 0.482 -0.051 2.950 0.342
SE 0.042 1.730 0.583 0.092 2.748 0.333
S E∗ 0.305 1.084 0.680 0.260 1.176 0.697
Random 0.167 2.620 0.401 0.158 2.820 0.392
SGN 0.116 3.920 0.240 0.125 3.620 0.248
S G∗N 0.205 3.664 0.256 0.228 3.718 0.243
determiner_noun_agreement_with_adj_irregular_1 2.07 SGI 0.106 2.620 0.345 -0.007 2.754 0.358
S G∗I 0.111 2.244 0.448 -0.047 3.126 0.316
SE 0.048 1.688 0.586 0.103 2.644 0.347
S E∗ 0.313 1.024 0.686 0.263 1.066 0.683
Random 0.336 1.080 0.604 0.350 0.984 0.632
SGN 0.294 1.160 0.510 0.376 0.454 0.778
S G∗N 0.456 0.450 0.787 0.449 0.382 0.812
npi_present_1 3.19 SGI 0.100 1.374 0.463 -0.160 1.288 0.575
S G∗I 0.144 0.570 0.759 0.202 0.766 0.752
SE -0.336 1.514 0.556 0.624 0.086 0.960
S E∗ 0.160 0.902 0.684 0.062 1.204 0