.556
Random 0.230 1.936 0.494 0.227 2.106 0.463
SGN 0.266 1.199 0.584 0.269 0.965 0.646
S G∗N 0.408 1.092 0.619 0.392 1.000 0.649
distractor_agreement_relational_noun 3.94 SGI 0.044 2.291 0.369 -0.066 2.326 0.434
S G∗I 0.223 1.057 0.631 0.051 1.383 0.591
SE -0.023 1.922 0.434 0.120 2.007 0.400
S E∗ 0.190 1.709 0.502 0.186 1.617 0.544
Random 0.561 0.539 0.760 0.545 0.494 0.769
SGN 0.652 0.242 0.917 0.610 0.348 0.860
S G∗N 0.676 0.315 0.843 0.644 0.376 0.817
irregular_plural_subject_verb_agreement_1 1.11 SGI 0.590 0.253 0.912 0.067 0.472 0.783
S G∗I 0.348 0.298 0.864 0.021 0.489 0.750
SE -0.570 0.787 0.617 -0.021 0.893 0.553
S E∗ 0.264 0.635 0.673 0.267 0.584 0.734
Random 0.694 0.316 0.853 0.693 0.336 0.849
SGN 0.740 0.194 0.946 0.724 0.268 0.906
S G∗N 0.756 0.251 0.909 0.747 0.274 0.898
regular_plural_subject_verb_agreement_1 1.13 SGI 0.748 0.202 0.944 -0.039 0.333 0.852
S G∗I 0.371 0.242 0.889 0.039 0.262 0.879
SE -0.614 0.610 0.718 0.303