.8 97.2 92.8 81.6 97.3 47.9 96.2 97.8
VMSST 95.6 88.1 53.4 94.6 50.2 84.7 86.2 64.3 93.5 95.6 91.9 79.0 97.0 26.1 95.8 97.0
Language cbk ceb ces cha cmn cor csb cym dan deu dsb dtp ell epo est eus
CONTRASTIVE 86.1 62.3 98.3 44.9 97.5 35.1 67.8 57.6 97.3 99.6 75.4 18.9 97.4 98.6 98.6 96.9
BITRANSLATION 78.0 48.8 97.3 33.6 95.6 18.4 48.6 37.0 96.0 99.3 53.1 8.3 95.8 98.3 97.8 94.8
VMSSTCONTRASTIVE 86.9 63.7 98.2 44.2 97.7 37.6 69.8 56.4 97.2 99.6 76.9 20.3 97.2 98.4 98.8 97.1
VMSST 83.7 52.8 97.9 38.0 96.4 23.3 56.1 43.0 96.8 99.2 63.2 10.2 97.0 98.2 98.2 95.4
Language fao fin fra fry gla gle glg gsw heb hin hrv hsb hun hye ido ile
CONTRASTIVE 90.3 98.0 96.4 88.2 58.4 80.4 98.6 52.1 93.8 98.1 98.5 80.1 98.4 96.2 93.0 92.8
BITRANSLATION 78.2 97.8 95.8 80.1 35.6 60.6 96.8 44.9 93.0 96.4 96.8 58.6 96.4 95.2 87.9 86.7
VMSSTCONTRASTIVE 91.0 98.2 96.6 87.9 55.7 79.5 98.6 53.8 93.7 98.0 98.4 82.4 98.2 96.1 94.4 93.1