 89.8 84.5 97.3 93.5 97.6 76.3 72.1 55.9 9.9 94.5
Language pms pol por ron rus slk slv spa sqi srp swe swg swh tam tat tel
CONTRASTIVE 74.3 99.0 95.9 98.0 95.3 98.0 97.0 99.1 98.6 96.6 97.5 76.8 77.4 92.7 92.0 98.1
BITRANSLATION 62.1 97.2 95.7 97.6 95.0 97.4 96.3 98.8 98.1 95.6 96.8 48.7 67.1 90.9 82.8 96.2
VMSSTCONTRASTIVE 76.9 98.9 96.1 98.1 95.5 98.2 97.0 99.2 98.6 96.5 97.5 73.2 77.6 92.8 92.0 97.6
VMSST 69.6 98.2 95.8 97.6 94.8 97.8 96.9 98.6 98.2 95.8 97.3 59.8 69.2 92.8 86.2 97.4
Language tgl tha tuk tur tzl uig ukr urd uzb vie war wuu xho yid yue zsm
CONTRASTIVE 96.0 97.8 44.6 98.9 66.3 76.1 96.0 95.4 78.9 98.2 54.0 93.5 74.6 92.3 94.1 98.0
BITRANSLATION 91.7 97.0 30.3 98.2 43.8 54.4 95.2 91.8 64.3 97.4 33.3 88.7 59.5 82.8 90.8 96.0
VMSSTCONTRASTIVE 96.4 98.2 47.5 98.9 64.4 77.6 96.3 95.4 78.3 98.4 54.5 93.8 75.7 92.6 94.1 97.8
VMSST 93.0 97.5 38.7 98.8 56.7 64.1 95.5 93.5 68.7 97.9 37.7 91.0 63.7 86.