
VMSST 82.6 98.0 96.0 83.5 39.4 62.7 97.4 50.4 93.8 97.5 97.5 68.9 96.8 94.7 91.9 90.2
Language ina ind isl ita jav jpn kab kat kaz khm kor kur kzj lat lfn lit
CONTRASTIVE 96.8 97.0 97.0 96.6 74.1 98.3 71.7 95.6 92.8 87.8 95.2 76.3 17.4 89.9 83.6 98.2
BITRANSLATION 94.9 95.2 96.3 96.2 62.9 96.8 60.8 93.9 86.1 85.4 92.5 60.5 8.8 83.9 74.6 97.5
VMSSTCONTRASTIVE 97.2 96.9 97.1 96.6 76.1 98.6 73.3 96.2 92.3 87.5 95.8 76.0 17.8 89.8 84.1 98.1
VMSST 96.4 95.8 96.8 96.8 69.5 97.2 67.3 95.8 87.7 86.3 93.5 67.7 11.7 86.5 79.0 97.8
Language lvs mal mar max mhr mkd mon nds nld nno nob nov oci orv pam pes
CONTRASTIVE 98.0 98.5 94.5 73.1 30.8 97.6 94.4 90.5 98.1 96.5 98.5 80.5 77.9 66.5 14.0 95.5
BITRANSLATION 97.0 98.2 95.0 58.1 22.1 96.0 85.8 80.7 96.7 92.3 97.4 70.6 66.5 47.5 8.5 93.0
VMSSTCONTRASTIVE 98.1 98.5 94.6 72.5 29.5 98.0 95.0 92.1 98.0 97.0 98.3 80.5 78.0 67.4 14.6 95.7
VMSST 97.5 98.3 95.0 63.6 26.8 96.4