0 98.5 91.5 79.0 77.4
fa 10.6 84.2 51.7 5.0 38.5 11.6 fa 95.5 100.0 99.5 45.5 99.5 69.8
fi 10.7 79.8 34.1 4.0 9.2 1.5 fi 90.8 100.0 74.6 15.5 89.7 42.6
fr 4.0 98.0 15.4 0.8 10.0 13.5 fr 100.0 100.0 83.6 19.3 17.0 15.5
gu 100.0 100.0 100.0 39.0 90.0 31.8 gu 100.0 100.0 100.0 92.0 100.0 99.0
ha 100.0 100.0 99.5 100.0 100.0 91.5 ha 91.0 100.0 100.0 100.0 100.0 94.0
he 100.0 97.5 100.0 100.0 100.0 27.9 he 100.0 100.0 100.0 100.0 100.0 75.6
hi 22.2 63.8 64.3 8.0 28.0 8.6 hi 99.0 100.0 93.8 12.5 94.0 80.8
ht 95.5 100.0 100.0 100.0 100.0 90.9 ht 72.0 100.0 100.0 100.0 100.0 68.2
hu 6.1 98.5 33.5 14.0 28.0 10.6 hu 89.8 100.0 94.0 62.0 81.0 57.3
id 6.5 98.0 77.0 0.0 42.0 33.5 id 99.0 100.0 80.0 8.0 94.0 32.0
it 3.5 98.5 50.0 6.7 10.5 5.6 it 99.5 100.0 95.7 20.2 39.5 31.3
ja 96.0 100.0 60.5 99.0 30.0 95.5 ja 100.0 100.0 99.0 100.0 100.0 78.4
jv 9.0 100.0 82.0 3.5 100.0 100.0 jv 94.5 100.0