 cLen BLEU_AQ BLEU_QC
Bucket
en zh
XS [1,2] [3,8] [25,91] 0 [0,1.64e-08] 1 [1,13] [3,8] 0 [0,.0075]
S (2,5] (8,11] (91,111] (0,.016] (1.64e-08,2.8e-06] (1,6] (13,17] (8,11] (0,.0118] (.0075,.01]
L (5,13] (11,16] (111,156] (.016,.128] (2.8e-06,7.92e-05] (6,15] (17,22] (11,17] (.0118,.0542] (.01,.013]
XL (13,25] (16,29] (156,509] (.128,.146] (7.92e-05,.0589] (15,72] (22,52] (17,144] (.0542,.328] (.013,.097
hi el
XS [1,2] [3,8] [28,104] 0 [0,2.02e-08] [1,2] [3,8] [29,97] 0 [4.99e-39,9.58e-09]
S (2,5] (8,11] (104,131] (0,.015] (2.02e-08,2.91e-06] (2,5] (8,11] (97,120] (0,.014] (9.58e-09,1.32e-06]
L (5,13] (11,15] (131,171] (.015,.19] (2.91e-06,7.29e-05] (5,11] (11,16] (120,162] (.014,.019] (1.32e-06,4.37e-05]
XL (13,29] (15,53] (171,575] (.019,.24] (7.29e-05,.0628] (11,26] (16,30] (162,554] (.019