 23 6 8 8 35 32 13 14 190
fi 29 22 35 30 8 13 23 23 58 30 21 292
fr 50 59 69 65 12 46 60 15 29 56 50 511
gu 8 0 3 1 10 3 0 8 15 2 1 51
he 28 48 23 18 18 34 17 22 37 34 28 307
hi 12 4 4 7 7 3 6 0 21 6 6 76
ht 3 5 5 1 2 6 3 3 11 1 2 42
hu 12 21 9 11 2 12 9 23 27 19 22 167
id 22 24 24 13 10 11 11 17 35 29 42 238
it 47 48 43 53 20 16 33 21 17 31 40 369
jv 10 2 3 2 2 4 5 11 24 5 7 75
ka 24 4 8 7 6 4 5 9 13 25 13 118
kk 5 8 9 7 6 3 14 29 15 9 11 116
ko 28 33 27 39 19 62 20 52 69 36 20 405
lt 24 19 9 10 8 10 12 60 18 27 11 208
ml 14 7 7 8 5 2 7 14 33 11 11 119
mr 20 5 19 10 11 5 8 22 46 12 4 162
ms 19 13 13 13 4 47 10 27 35 14 11 206
my 7 5 8 14 3 2 4 10 24 7 6 90
nl 33 45 33 43 7 17 33 224 38 17 25 515
pa 3 0 4 3 2 12 1 2 10 2 3 42
pt 50 23 42 59 23 29 49 13 22 21 18 349
qu 6 3 1 1 9 0 3 22 11 7 1 64
ru 53 32 44 34 15 21 39 11 15 40 147 451
sw 5 6 5 5 9 9 1 8 13 7 7 75
te 1 3 3 4 3 4 6 6 27 6 2 65
th 5 4 16 15 2 28 12 1 12 6 7 108
tl 8 6 1 6 6 11 3 17 31 5 5 99
ur 14 10 4 8 7 6 6 43 27 14 5 144
vi 60 17 12 18 11 10 14 22 105 22 18 309
wo 1 2 0 1 1 6 3 15 5 1 2 37
yo 9 4 6 3 5 4 6 16 38 5 2 98
zh 55 39 38 36 14 71 17 67 21 25 28 411
Total 1,440 1,450 1,420 1,446 428 1,449 1,481 1,482 1,469 1,474 1,46115,000
Table9:CompositionofMewsli-Xtestsetbyment