-Rlarge 43.7 54.1 77.2 52.3 58.7 69.8 72.2 62.1 65.8 56.9 52.3 77.7 84.3 84.6 78.0 77.2 76.3 71.0 64.2 54.1 61.1 79.1 81.1 79.6 68.8
bg ru ja ka ko th sw yo my zh kk tr et fi hu qu pl uk az lt pa gu ro Avg
mBERT 77.2 63.5 28.4 65.0 59.1 2.3 72.7 49.4 49.1 43.3 49.0 72.1 77.0 77.4 75.0 57.4 79.9 69.3 65.6 74.3 37.0 47.3 72.1 62.7
XLM-Rlarge 81.2 71.5 18.3 68.9 58.0 1.5 69.9 41.8 50.9 25.8 49.9 78.9 78.0 78.6 79.3 50.4 81.3 73.1 69.2 76.9 46.8 60.7 79.6 64.4
Table18: WikiANN-NERresults(F1score)acrosslanguages.
Model en es de el ru tr ar vi th zh hi avg
mBERT 84.5 75.1 73.2 62.9 71.3 53.7 62.2 70.1 43.5 59.6 59.5 65.1
XLM-RLarge 87.4 82.7 80.9 80.7 80.5 76.1 74.4 79.2 75.4 55.0 77.0 77.2
mT5 90.2 84.6 82.3 82.8 78.8 76.5 80.3 83.3 74.7 81.7 81.7 81.5
mBERTtranslate-train 83.5 80.2 75.6 70.0 75.0 68.9 68.0 75.6 36.9 66.2 69.6 70.0
mBERTtranslate-train-all 86.0 82.4 78.8 74.2 78.1 70.6 71.0 78.5 38.1 67.7 71.3 72.4
Table19: