 99.5 50.0 100.0 91.5
ka 0.0 95.0 34.0 12.0 13.0 12.0 ka 100.0 100.0 99.5 58.5 47.5 53.0
kk 88.9 99.0 82.5 0.5 100.0 17.0 kk 98.0 100.0 97.5 5.5 100.0 74.0
ko 18.5 98.5 34.5 9.0 42.0 60.9 ko 97.5 100.0 75.0 14.5 99.5 55.3
lt 12.7 84.2 67.6 25.2 22.5 2.5 lt 92.9 100.0 99.5 37.0 94.0 37.0
ml 7.1 73.8 74.0 6.5 32.5 19.0 ml 98.0 100.0 92.0 100.0 100.0 97.0
mr 0.0 83.0 82.8 100.0 45.0 86.4 mr 100.0 100.0 100.0 100.0 100.0 99.5
ms 4.0 97.9 84.0 5.5 18.5 0.5 ms 100.0 100.0 99.5 8.0 100.0 31.3
my 99.0 86.0 83.0 9.5 93.5 0.0 my 100.0 100.0 93.5 84.5 100.0 52.8
nl 14.1 91.9 25.4 1.0 24.1 11.3 nl 96.5 100.0 92.2 45.5 41.5 8.8
pa 99.5 56.3 100.0 0.0 38.0 10.6 pa 100.0 100.0 100.0 54.0 100.0 100.0
pl 20.9 100.0 20.8 0.0 11.0 3.5 pl 99.0 100.0 88.9 33.5 81.0 53.8
pt 51.8 99.0 62.4 0.8 23.0 7.1 pt 98.0 100.0 97.6 2.5 63.5 26.8
qu 91.9 100.0 100.0 98.0 95.5 97.0 qu 100.0 100.0 100