atthetheseexamples
model, we obtain competitive performance (see Appendix
displayovertlexicalbiases. A.4).
3147
niart%33
Test(12893) NOI(602) OI(553) ONI(3236)
Acc.↑ F ↑ F ↑ FPR ↓ F ↑ FPR ↓ F ↑ FPR ↓
1 1 NOI 1 OI 1 ONI
Vanilla 94.21 92.33 89.76 10.24 98.84 85.71 97.34 64.72
0.0 0.0 0.3 1.3 0.1 0.0 0.1 0.8
LMIXIN-ONI 89.65
1.5
85.59
2.5
87.04
1.1
13.99
1.5
98.87
0.0
85.71
0.0
87.87
4.5
43.74
3.1
LMIXIN-TOXTRIG 90.44
0.7
86.94
1.1
85.47
0.3
11.15
1.7
97.64
0.3
71.43
0.0
90.41
1.8
44.55
1.5
Random 94.07 92.18 89.48 9.33 98.93 83.33 97.40 67.15
0.1 0.1 0.4 0.7 0.0 3.4 0.1 0.6
AFLite 93.86 91.94 90.21 11.26 98.90 85.71 97.32 67.97
0.1 0.1 0.4 1.1 0.0 0.0 0.1 3.4
DataMaps-Ambig. 94.33 92.45 89.16 7.39 98.87 85.71 97.54 64.39
0.1 0.1 0.7 1.0 0.0 0.0 0.0 1.4
DataMaps-Hard 94.50 92.61 89.54 6.26 98.84 85.71 97.43 61.95
0.0 0.1 0.4 0.9 0.0 0.0 0.0 1.1
DataMaps-Easy 94.00 91