13 35.06 43.01 46.04 11.07 25.64 25.02 25.66
blackbox
VoxCeleb1(AP) 39.89 24.92 31.63 38.66 21.93 43.05 30.99 28.25 42.21 45.55 31.56 31.92 39.27 35.55
VoxCeleb1(SP) 51.47 50.73 53.51 51.46 53.97 49.52 54.51 49.92 51.39 50.66 52.71 49.18 54.97 50.60
Todiscoetal.,[9] 59.68 40.39 8.38 57.73 59.64 46.18 46.78 64.01 58.85 64.52 3.92 7.35 14.58 -
ASVSpoof(STFT)1 2.33 2.65 3.75 47.56 40.89 47.59 37.01 29.09 35.48 4.09 12.07 28.61 1.88 22.24
ASVSpoof(MFCC) 7.12 5.08 8.12 39.76 28.99 49.01 33.81 19.04 41.39 9.08 18.00 16.47 2.09 15.99
ASVSpoof(AP) 38.93 32.46 32.59 42.37 38.29 43.28 37.02 33.96 41.12 49.06 40.05 34.57 44.53 39.25
ASVSpoof(SP) 50.97 49.94 40.07 49.75 49.25 52.04 52.30 51.03 51.74 51.99 41.49 46.16 45.78 42.08
whitebox VoxCeleb2+ASVSpoof(STFT) 1.16 2.31 0.77 43.42 27.62 41.23 15.46 34.48 36.26 6.63 1.26 5.75 0.68 11.99
VoxCeleb1+ASVSpoof(STFT) 1.21 2.63 1.75 45.85 17.40 45.69 20.84 25.85 25.41 4.66 2.24 8.24 0.73 13.35
VoxCeleb1+ASVSpoof(MFCC) 4.