 84.7 87.3 70.3 83.8 66.3 84.3 81.8 78.0 72.6 88.6 92.6 76.5 83.0
Table3: NERPerformance(F1)
Model en ar bn fi id ko ru sw te avg
Zero-shot(en)
mBERT 73.64 60.11 45.1 57.63 63.78 52.16 57.52 56.51 42.15 56.51
CANINE-S 64.78 44.85 20.13 39.73 43.78 13.67 44.49 30.64 31.59 37.07
CANINE-C 63.96 42.19 22.05 43.13 36.87 17.44 42.02 33.3 30.51 36.83
mT5-Small 59.39 43.25 22.51 44.27 48.7 22.05 44.85 33.08 28.77 38.54
ByT5-Small 64.58 56.4 15.86 51.91 55.85 22.21 54.11 35.44 31.43 43.09
Single-language
mBERT 73.64 79.86 70.78 76.08 79.93 62.76 72.48 79.81 81.21 75.17
CANINE-S 64.78 79.2 55.81 70.13 70.0 49.53 67.15 71.26 81.75 67.73
CANINE-C 63.96 77.79 50.92 67.28 66.26 49.84 66.49 71.39 82.78 66.3
mT5-Small 59.39 73.07 67.92 65.33 73.65 54.93 66.13 71.49 80.93 68.09
ByT5-Small 64.58 75.82 69.91 71.98 80.55 58.65 71.09 78.81 85.39 72.97
Multilingual
mBERT 76.02 81.49 72.86 80.41 84.87 67.09 74.45 82.42 83.52 78.13
CANINE-S 71.55 80.53 67.24 75.42 78.44 61.25 71.75 77.43 83.53 74.13
CANINE-C 71.56 80.74 62.6