78 57.07 58.63 59.81 60.79 61.67 62.50
close 42.86 54.97 60.40 63.73 66.28 68.46 70.46 72.38 74.29 76.19
- 31.04 42.11 47.83 51.54 54.26 56.39 58.11 59.53 60.67 61.59
ja open 23.72 32.72 37.88 41.48 44.21 46.36 48.08 49.46 50.53 51.33 Closed-DomainErrors Ofthe60randomsam-
close 47.25 62.92 69.89 73.85 76.54 78.62 80.34 81.83 83.14 84.31
- 43.21 57.53 63.93 67.58 70.03 71.85 73.29 74.51 75.60 76.59 plesweanalyzed,31areclosed-domainproblems,
ru open 28.86 41.01 47.05 50.77 53.47 55.65 57.53 59.22 60.79 62.28
close 55.07 71.18 77.87 81.47 83.71 85.22 86.32 87.15 87.83 88.41 and CODEX predictserroneouscodesolutionsfor
CODE-DAVINCI-002
- 47.15 57.61 62.58 65.69 67.87 69.47 70.70 71.67 72.46 73.12 22ofthem. Weidentifyfourmaintypesoferrors
en open 37.52 47.52 52.81 56.32 58.86 60.79 62.29 63.48 64.43 65.22
close 57.75 68.72 73.33 76.02 77.78 79.03 79.96 80.69 81.29 81.82 fromthesesamples: (1)11cases(50.0%)usethe
- 47.44 57.90 62.20 64.65 66.33 67.61 68.65 69.53 70.33 71.11
es open 45.42 56.02 60.17 62.68 64.59 66.17 67.52 68.70 69.79 70.83 Pythonbuilt-infunctionsincorrectly,mostlyabout
close 49.76 60.05 64.52 66.89 68.32