close 45.36 53.69 57.58 59.85 61.32 62.33 63.03 63.53 63.88 64.11
- 26.00 33.65 37.74 40.06 41.52 42.58 43.44 44.20 44.89 45.56
es open 22.50 27.45 30.68 32.96 34.76 36.32 37.76 39.12 40.42 41.67
close 30.00 40.74 45.81 48.17 49.25 49.74 49.94 50.00 50.00 50.00
- 24.27 32.10 36.45 39.22 41.13 42.51 43.54 44.30 44.82 45.12
ja open 18.67 23.93 26.94 28.97 30.45 31.58 32.44 33.06 33.45 33.63
close 36.67 50.20 57.52 61.93 64.78 66.73 68.14 69.19 70.00 790.59
- 39.64 48.11 52.46 55.25 57.23 58.71 59.84 60.71 61.39 61.90
ru open 27.02 34.72 38.61 41.12 42.96 44.41 45.59 46.59 47.46 48.25
close 50.07 59.18 63.90 66.93 69.03 70.53 71.61 72.38 72.90 73.19
6.1B
- 34.49 37.91 39.55 40.52 41.18 41.69 42.11 42.47 42.78 43.05
en open 28.30 31.57 33.21 34.25 35.02 35.64 36.17 36.64 37.04 37.39
close 41.29 44.89 46.53 47.42 47.97 48.35 48.64 48.88 49.09 49.28
- 28.56 32.05 33.85 35.03 35.86 36.48 36.94 37.28 37.56 37.78
C.1 OpenDomainVersusClosedDomain es open 25.83 28.61 30.16 31.25 32.06 32.64 33.02 33.24 33.33 33.33
close 31.67 35.98 38.08 39