 0.699 0.236 0.828 0.727
S G∗N 0.463 0.754 0.749 0.452 0.862 0.721
animate_subject_passive 3.27 SGI 0.016 4.004 0.233 0.020 2.780 0.416
S G∗I 0.069 2.782 0.412 0.016 2.844 0.409
SE -0.036 3.214 0.362 0.168 2.024 0.444
S E∗ 0.125 2.122 0.500 0.123 2.120 0.517
Random 0.208 2.202 0.449 0.207 2.142 0.461
SGN 0.239 1.320 0.598 0.150 2.954 0.287
S G∗N 0.275 2.680 0.406 0.258 2.906 0.302
determiner_noun_agreement_1 1.00 SGI 0.560 0.038 0.983 -0.042 2.384 0.380
S G∗I 0.162 1.558 0.603 -0.056 2.554 0.371
SE 0.022 1.150 0.604 0.234 1.290 0.543
S E∗ 0.031 2.598 0.363 0.362 0.612 0.811
Random 0.198 2.248 0.437 0.202 2.110 0.456
SGN 0.236 1.228 0.616 0.160 2.716 0.324
S G∗N 0.286 2.578 0.380 0.266 2.826 0.310
determiner_noun_agreement_irregular_1 1.00 SGI 0.559 0.034 0.984 -0.035 2.160 0.419
S G∗I 0.046 2.038 0.507 -0.046 2.428 0.374
SE 0.020 1.082 0.628 0.205 1.360 0.548
S E∗ 0.026 2.502 0.352 0.306 0.784 0.755
Random 0.167 2.672 0.406 0.168 2.672 0.