,.12] (4.37e-05,.033]
ru tr
XS [1,2] [3,6] [25,86] 0 [1.34e-39,3.24e-09] [1,2] [2,6] [18,75] 0 [0,6.37e-09]
S (2,5] (6,8] (86,104] (0,.017] (3.24e-09,6.2e-07] (2,5] (6,8] (75,94] (0,.016] (6.37e-09,9.33e-07]
L (5,12] (8,11] (104,140] (.017,.023] (6.2e-07,2.07e-05] (5,11] (8,11] (94,130] (.016,.057] (9.33e-07,2.67e-05]
XL (12,23] (11,26] (140,470] (.023,.287] (2.07e-05,.0294] (11,20] (11,20] (130,414] (.057,.143] (2.67e-05,.0408]
ar vi
XS [1,2] [2,7] [24,83] 0 [0,4.72e-09] [1,2] [3,10] [39,127] 0 [0,1.47e-08]
S (2,4] (7,9] (83,104] (0,.0243] (4.72e-09,8.51e-07] (2,4] (10,13] (127,160] (0,.0139] (1.47e-08,2.43e-06]
L (4,9] (9,12] (104,138] (.0243,.293] (8.51e-07,3.39e-05] (4,8] (13,17] (160,213] (.0139,.135] (2.43e-06,7.76e-05]
XL (9,22] (12,38] (138,432] (.293,.246]