.0 100.0 96.5 98.5
ru 32.0 95.0 33.8 7.1 24.0 3.0 ru 96.0 100.0 93.0 73.1 79.0 17.0
sw 100.0 100.0 94.0 6.0 100.0 98.0 sw 100.0 100.0 100.0 55.5 100.0 86.5
ta 59.0 78.7 65.5 11.5 13.5 13.2 ta 90.0 100.0 100.0 21.0 100.0 95.4
te 35.2 92.0 68.0 28.0 36.0 55.0 te 88.4 100.0 95.5 91.0 100.0 98.5
th 91.4 78.4 100.0 100.0 100.0 41.0 th 99.5 100.0 100.0 100.0 100.0 100.0
tl 0.0 100.0 66.5 12.5 58.5 13.6 tl 99.5 100.0 100.0 96.5 100.0 100.0
tr 100.0 84.4 72.5 0.5 21.0 14.1 tr 100.0 100.0 100.0 70.5 77.0 67.7
uk 16.2 94.9 39.8 26.9 51.5 14.1 uk 95.8 100.0 85.6 81.5 65.0 37.9
ur 90.9 57.5 76.1 16.5 100.0 18.7 ur 100.0 100.0 100.0 99.5 100.0 100.0
vi 13.6 99.0 80.0 10.0 100.0 2.6 vi 97.5 100.0 90.5 7.5 100.0 31.1
wo 100.0 100.0 100.0 100.0 100.0 100.0 wo 59.5 100.0 100.0 100.0 100.0 91.5
yo 100.0 100.0 100.0 100.0 100.0 99.5 yo 99.0 100.0 99.0 100.0 100.0 65.3
zh 94.4 100.0 33.0 100.0 94.5 71.2 zh 100.0 100.0 100.0