143 0.083 0.698 0.330 0.140 0.138 0.703 0.850
11 Simplelanguage 0.486 0.561 0.568 0.610 0.269 0.243 0.363 0.292 0.332 0.269 0.433 0.384
12 Complexlanguage 0.356 0.413 0.456 0.583 0.147 0.113 0.216 0.106 0.215 0.259 0.288 0.557
13 Fillintheblank 0.710 0.620 0.790 0.660 0.086 0.193 0.304 0.193 0.059 0.519 0.262 0.519
14 GenerativeQA 0.305 0.385 0.566 0.632 0.142 0.135 0.376 0.199 0.178 0.160 0.476 0.235
15 MCQ 0.801 0.870 0.771 0.870 0.636 0.818 0.652 0.818 0.752 0.888 0.817 0.888
16 NLI 0.500 - 0.710 - 0.221 - 0.212 - 0.566 - 0.893 -
17 RC 0.460 - 0.615 - 0.135 - 0.295 - 0.132 - 0.264 -
18 Noexternalk. 0.437 0.485 0.638 0.660 0.138 0.110 0.387 0.159 0.167 0.199 0.400 0.465
19 Commonsense 0.788 0.698 0.752 0.815 0.613 0.364 0.624 0.356 0.735 0.470 0.778 0.526
20 Mathformulas 0.259 0.162 0.661 0.544 0.137 0.074 0.454 0.382 0.170 0.077 0.599 0.404
21 Scienceformulas 0.305 0.120 0.315 0.250 0.158 0.025 0.239 0.021 0.157 0.105 0.181 0.250
22 Computersciencek. 0.262 0.128 0.425 0.408 0.151 0.137 0.147 0.134 0.232 0.304 0.220 0.278
23 Real-worldk. 0.