)
Model en ar bn de el es fi fr hi id ja ko ru sw ta te th tr ur zh avg
Zero-shot(en)
mBERT 84.2 41.7 68.2 78.2 71.4 71.8 77.3 78.0 64.5 51.6 29.2 59.7 65.6 71.4 51.0 50.4 0.4 73.9 33.3 43.1 58.2
CANINE-S 80.8 29.6 49.6 70.7 63.5 66.4 66.7 74.1 41.1 47.3 0.5 29.3 57.7 59.8 28.4 19.7 0.1 55.8 22.0 5.4 43.4
CANINE-C 81.1 38.3 56.9 70.9 66.4 64.8 68.0 73.5 43.4 46.6 1.8 28.7 61.7 58.9 36.9 21.6 0.2 58.9 29.8 8.1 45.8
mT5-Small 71.9 32.9 56.6 67.1 42.3 70.0 65.1 75.3 56.2 45.3 25.5 23.9 36.9 49.0 38.0 35.9 3.6 58.7 58.7 31.3 47.2
ByT5-Small 73.8 45.9 61.5 70.7 67.7 79.4 67.1 77.4 57.1 46.2 31.3 26.2 46.7 60.2 31.9 27.9 9.6 23.3 1.3 32.8 46.9
Single-language
mBERT 84.2 89.6 96.1 90.3 91.4 92.5 92.2 91.2 91.2 93.6 74.4 88.8 89.4 90.0 86.5 80.4 76.2 93.2 95.7 83.1 88.5
CANINE-S 80.8 84.9 92.9 88.0 88.6 89.7 89.1 88.9 84.9 90.9 63.3 81.6 86.5 87.7 81.0 49.9 70.5 90.9 91.0 73.2 82.