.37 57.22 54.85 56.12 1.2 49.68 57.21 56.30 51.99 52.17 1.2 55.59 60.75 58.30 54.55 56.88
1.3 48.28 60.08 60.89 60.37 57.09 1.3 45.35 59.15 56.23 56.92 55.02 1.3 44.12 55.67 61.07 57.34 57.15
1.4 42.32 58.63 59.30 57.39 53.94 1.4 45.83 53.38 58.05 55.79 56.15 1.4 35.01 48.42 59.31 62.72 58.12
1.5 37.20 58.04 59.35 54.74 53.43 1.5 35.91 55.00 60.45 58.29 58.95 1.5 32.71 42.50 46.98 55.54 56.81
1.6 38.62 47.81 53.53 49.77 53.30 1.6 33.40 47.70 53.75 52.28 50.92 1.6 25.90 30.83 42.88 49.83 51.40
(a)VaryingmandsforSphereFace. (b)VaryingmandsforSphereFace-Rv1. (c)VaryingmandsforSphereFace-Rv2.
TABLE5 TABLE7
VaryingtforsoftfeaturenormalizationonVGGFace2(%). VaryingmwithnofeaturenormalizationonMS-Celeb-1M(%).
SphereFace SphereFace-Rv1 SphereFace-Rv2 m SphereFace SphereFace-Rv1 SphereFace-Rv2
t
(m=1.2,s=30) (m=1.5,s=40) (m=1.4,s=60) 1.0 76.50 75.12 78.98
0.05 57.08 39.43 55.53 1.1 79.89 82.52 79.94
0.1 62.40 43.96 60.61 1.2 49.64 84.66 84.78
0.2 61.24 54.40 60.30 1.3 - 0.33 69.95
0.5 58.