02861
LSQ 3 0.04835 0.01660 0.08314 0.02848 0.01046 0.02036 0.01520 0.05867
SQuAT 3 0.01968 0.00773 0.02964 0.01789 0.00626 0.00905 0.01111 0.04527
LSQ 4 0.04174 0.01783 0.02867 0.02268 0.00850 0.01851 0.01771 0.21308
SQuAT 4 0.03092 0.01594 0.02517 0.01232 0.00715 0.00805 0.01154 0.03905
Table3: TheSharpnesscomparisonbetweenLSQandSQuATonGLUEbenchmark. Here,ρ = 0.01. Thelocal
minimumofSQuATisclearlyflatterthanLSQbyalargemarginacrossalltheGLUEtasks.
Task Bits COLA SST-2 MRPC STS-B QQP mNLI qNLI RTE
LSQ 2 0.23983 0.13650 0.57738 0.39474 0.03593 0.10609 0.09377 0.45210
SQuAT 2 0.17667 0.08475 0.23903 0.09545 0.03421 0.04913 0.04665 0.19441
LSQ 3 0.25096 0.09075 0.34070 0.27663 0.07237 0.13044 0.08277 0.53654
SQuAT 3 0.11754 0.05985 0.15784 0.12288 0.03506 0.05780 0.05913 0.28605
LSQ 4 0.21309 0.10925 0.19889 0.25601 0.04632 0.10354 0.09807 0.63298
SQuAT 4 0.16224 0.08386 0.14872 0.07025 0.03275 0.05179 0.06944 0.36209
Table4: TheSharpnesscomparisonbetweenLSQandSQuATonGLUEbenchmark. Here,ρ=0.05. Inthiscase,
thelocalminimumofSQuATisflatterthanLSQacross