50 0.16 0.52 0.41 0.38 8.97
GoldStandard 0.92 2.52 1.00 1.00 1.00 1.00 10.79
Image 0.80 2.09 0.19 0.61 0.45 0.49 10.33
CaptionCLIP 0.83 1.87 0.18 0.57 0.46 0.43 9.56
CaptionRoBERTa 0.83 1.93 0.20 0.60 0.48 0.47 10.06
CaptionRoBERTaTFIDF 0.86 2.01 0.19 0.62 0.49 0.48 10.04
CaptionTFIDF 0.83 2.05 0.21 0.63 0.46 0.45 10.30
Hybrid CLIP 0.81 1.87 0.24 0.58 0.46 0.45 9.78
Hybrid RoBERTa 0.83 1.94 0.20 0.61 0.48 0.47 10.09
Hybrid RoBERTaTFIDF 0.84 2.09 0.20 0.65 0.48 0.46 10.29
Hybrid TFIDF 0.85 2.19 0.20 0.62 0.49 0.47 10.18
12
